150.39
115.23
85.938
132.81
173.83
91.797
82.031
101.56
101.56
101.56
193.36
15.625
171.88
207.03
169.92
216.8
183.59
201.17
107.42
101.56
109.38
171.88
111.33
154.3
162.11
171.88
105.47
101.56
117.19
205.08
105.47
162.11
189.45
167.97
156.25
144.53
117.19
203.12
162.11
166.02
179.69
197.27
97.656
119.14
208.98
208.98
162.11
105.47
167.97
167.97
103.52
111.33
207.03
207.03
164.06
197.27
162.11
205.08
191.41
167.97
212.89
107.42
195.31
171.88
107.42
105.47
191.41
208.98
113.28
99.609
203.12
195.31
189.45
164.06
128.91
103.52
158.2
216.8
195.31
111.33
101.56
103.52
195.31
142.58
218.75
83.984
158.2
197.27
107.42
105.47
103.52
173.83
103.52
99.609
197.27
115.23
173.83
99.609
210.94
117.19
158.2
136.72
191.41
109.38
103.52
166.02
189.45
85.938
203.12
109.38
101.56
208.98
183.59
154.3
101.56
87.891
97.656
95.703
177.73
113.28
201.17
167.97
113.28
95.703
158.2
99.609
164.06
97.656
189.45
164.06
99.609
105.47
199.22
105.47
101.56
207.03
132.81
128.91
101.56
142.58
107.42
160.16
103.52
203.12
101.56
167.97
111.33
201.17
166.02
208.98
105.47
175.78
177.73
181.64
208.98
99.609
99.609
154.3
166.02
107.42
175.78
107.42
189.45
158.2
207.03
121.09
162.11
107.42
105.47
107.42
191.41
105.47
193.36
214.84
99.609
160.16
162.11
103.52
101.56
189.45
111.33
111.33
111.33
95.703
177.73
87.891
89.844
195.31
97.656
107.42
111.33
191.41
101.56
111.33
91.797
210.94
191.41
113.28
95.703
113.28
212.89
111.33
203.12
175.78
173.83
197.27
164.06
208.98
109.38
187.5
78.125
101.56
212.89
80.078
113.28
201.17
111.33
109.38
199.22
167.97
107.42
183.59
207.03
197.27
162.11
201.17
146.48
203.12
113.28
205.08
169.92
166.02
185.55
171.88
107.42
195.31
191.41
107.42
113.28
220.7
156.25
103.52
173.83
169.92
148.44
164.06
148.44
164.06
66.406
160.16
111.33
158.2
105.47
91.797
109.38
115.23
212.89
97.656
212.89
99.609
160.16
99.609
162.11
113.28
195.31
197.27
107.42
158.2
183.59
199.22
189.45
218.75
193.36
191.41
189.45
169.92
146.48
107.42
117.19
109.38
119.14
68.359
166.02
189.45
117.19
177.73
195.31
97.656
167.97
212.89
197.27
208.98
191.41
97.656
205.08
166.02
183.59
99.609
164.06
160.16
115.23
201.17
103.52
189.45
166.02
169.92
189.45
169.92
173.83
218.75
195.31
210.94
316.41
158.2
164.06
164.06
160.16
189.45
113.28
103.52
103.52
113.28
220.7
179.69
208.98
164.06
115.23
158.2
166.02
169.92
160.16
134.77
105.47
3.9062
173.83
103.52
105.47
117.19
111.33
1.9531
150.39
162.11
179.69
210.94
95.703
101.56
85.938
210.94
158.2
158.2
167.97
162.11
99.609
191.41
111.33
109.38
105.47
166.02
101.56
103.52
195.31
115.23
210.94
101.56
97.656
166.02
167.97
76.172
109.38
160.16
146.48
173.83
95.703
113.28
171.88
191.41
103.52
166.02
199.22
199.22
171.88
111.33
105.47
207.03
97.656
171.88
167.97
187.5
187.5
210.94
193.36
162.11
105.47
218.75
166.02
162.11
199.22
179.69
208.98
203.12
164.06
111.33
115.23
185.55
193.36
97.656
173.83
82.031
167.97
99.609
175.78
85.938
117.19
121.09
214.84
138.67
107.42
152.34
203.12
97.656
164.06
97.656
109.38
115.23
117.19
166.02
197.27
191.41
162.11
195.31
109.38
109.38
199.22
101.56
207.03
166.02
421.88
246.09
164.06
195.31
105.47
177.73
195.31
99.609
195.31
171.88
212.89
183.59
214.84
205.08
189.45
103.52
203.12
201.17
111.33
162.11
164.06
101.56
162.11
191.41
210.94
212.89
109.38
109.38
109.38
109.38
216.8
166.02
101.56
171.88
205.08
148.44
195.31
164.06
179.69
162.11
193.36
107.42
105.47
197.27
177.73
95.703
199.22
197.27
175.78
99.609
212.89
164.06
89.844
216.8
111.33
199.22
189.45
101.56
185.55
189.45
109.38
156.25
115.23
113.28
