121.09
119.14
109.38
136.72
177.73
142.58
83.984
117.19
111.33
119.14
121.09
29.297
121.09
208.98
125
218.75
150.39
210.94
121.09
105.47
111.33
191.41
113.28
107.42
119.14
173.83
107.42
105.47
119.14
91.797
109.38
121.09
207.03
115.23
999
158.2
1.9531
999
74.219
173.83
111.33
113.28
99.609
126.95
119.14
109.38
111.33
74.219
111.33
119.14
107.42
111.33
208.98
167.97
228.52
138.67
85.938
119.14
160.16
187.5
218.75
117.19
162.11
177.73
109.38
107.42
83.984
72.266
115.23
107.42
216.8
44.922
193.36
103.52
140.62
107.42
160.16
228.52
111.33
113.28
9.7656
111.33
173.83
101.56
224.61
37.109
117.19
212.89
42.969
109.38
105.47
191.41
105.47
103.52
203.12
119.14
185.55
105.47
220.7
121.09
162.11
148.44
212.89
111.33
105.47
117.19
195.31
93.75
119.14
39.062
103.52
3.9062
999
64.453
1.9531
89.844
101.56
115.23
117.19
48.828
150.39
113.28
117.19
109.38
119.14
101.56
164.06
103.52
103.52
167.97
119.14
107.42
205.08
107.42
78.125
210.94
160.16
111.33
105.47
109.38
27.344
99.609
107.42
210.94
103.52
85.938
113.28
216.8
60.547
93.75
27.344
111.33
115.23
197.27
999
101.56
37.109
68.359
121.09
113.28
48.828
113.28
115.23
29.297
171.88
126.95
121.09
111.33
107.42
111.33
195.31
109.38
199.22
119.14
21.484
162.11
97.656
107.42
103.52
193.36
113.28
115.23
113.28
7.8125
50.781
91.797
91.797
119.14
101.56
109.38
113.28
66.406
107.42
113.28
7.8125
7.8125
162.11
115.23
29.297
7.8125
175.78
113.28
117.19
117.19
107.42
125
195.31
113.28
111.33
189.45
93.75
105.47
216.8
83.984
121.09
999
119.14
1.9531
50.781
195.31
113.28
185.55
208.98
119.14
29.297
177.73
121.09
113.28
115.23
999
41.016
167.97
189.45
107.42
109.38
111.33
195.31
72.266
117.19
224.61
113.28
999
74.219
171.88
111.33
111.33
158.2
166.02
68.359
52.734
111.33
167.97
107.42
99.609
111.33
115.23
216.8
41.016
121.09
101.56
999
68.359
115.23
99.609
107.42
119.14
111.33
162.11
15.625
167.97
119.14
228.52
107.42
115.23
999
171.88
158.2
89.844
121.09
111.33
123.05
5.8594
111.33
207.03
121.09
181.64
201.17
107.42
119.14
216.8
999
115.23
146.48
101.56
169.92
109.38
117.19
101.56
117.19
166.02
121.09
207.03
105.47
144.53
113.28
191.41
119.14
999
179.69
111.33
166.02
72.266
349.61
160.16
115.23
109.38
164.06
210.94
121.09
105.47
11.719
115.23
226.56
185.55
125
119.14
117.19
115.23
76.172
175.78
160.16
138.67
113.28
5.8594
117.19
109.38
111.33
123.05
113.28
13.672
169.92
113.28
121.09
115.23
97.656
9.7656
101.56
87.891
15.625
121.09
54.688
113.28
82.031
23.438
113.28
113.28
107.42
117.19
105.47
82.031
117.19
121.09
214.84
105.47
115.23
171.88
121.09
5.8594
113.28
117.19
111.33
177.73
99.609
142.58
107.42
105.47
105.47
171.88
205.08
74.219
111.33
113.28
107.42
115.23
101.56
179.69
999
1.9531
152.34
210.94
103.52
121.09
113.28
142.58
121.09
50.781
119.14
121.09
212.89
33.203
117.19
115.23
117.19
119.14
109.38
101.56
179.69
83.984
35.156
103.52
185.55
7.8125
121.09
197.27
999
101.56
111.33
173.83
208.98
101.56
166.02
101.56
113.28
64.453
119.14
125
203.12
193.36
166.02
138.67
113.28
117.19
216.8
117.19
119.14
119.14
999
115.23
7.8125
214.84
60.547
144.53
207.03
1.9531
119.14
117.19
216.8
123.05
109.38
111.33
109.38
105.47
144.53
203.12
115.23
169.92
171.88
105.47
164.06
144.53
179.69
113.28
113.28
7.8125
15.625
117.19
117.19
115.23
115.23
193.36
115.23
105.47
123.05
169.92
185.55
97.656
166.02
113.28
109.38
999
15.625
99.609
183.59
207.03
183.59
218.75
218.75
125
99.609
226.56
113.28
113.28
152.34
105.47
212.89
195.31
111.33
162.11
121.09
115.23
