171.88
121.09
113.28
144.53
216.8
197.27
91.797
212.89
111.33
117.19
226.56
128.91
125
210.94
179.69
230.47
197.27
210.94
121.09
105.47
115.23
201.17
117.19
166.02
169.92
179.69
109.38
109.38
205.08
125
121.09
203.12
207.03
177.73
164.06
203.12
185.55
242.19
171.88
193.36
185.55
115.23
103.52
218.75
212.89
117.19
167.97
113.28
199.22
179.69
187.5
115.23
218.75
214.84
224.61
142.58
169.92
208.98
195.31
193.36
220.7
117.19
212.89
179.69
111.33
109.38
195.31
214.84
212.89
111.33
218.75
115.23
197.27
171.88
146.48
113.28
160.16
230.47
111.33
117.19
113.28
121.09
177.73
189.45
232.42
128.91
125
214.84
119.14
115.23
140.62
197.27
109.38
109.38
224.61
212.89
208.98
109.38
216.8
201.17
164.06
164.06
214.84
115.23
109.38
189.45
201.17
99.609
207.03
113.28
107.42
9.7656
205.08
125
109.38
97.656
138.67
177.73
121.09
179.69
208.98
177.73
197.27
111.33
181.64
105.47
166.02
109.38
111.33
181.64
119.14
111.33
207.03
111.33
107.42
210.94
201.17
162.11
107.42
164.06
119.14
169.92
111.33
242.19
105.47
216.8
113.28
216.8
173.83
95.703
117.19
207.03
199.22
214.84
568.36
107.42
111.33
162.11
183.59
117.19
195.31
117.19
197.27
123.05
212.89
199.22
171.88
115.23
111.33
113.28
197.27
111.33
201.17
218.75
105.47
167.97
103.52
119.14
107.42
208.98
115.23
136.72
117.19
101.56
1.9531
99.609
105.47
214.84
107.42
113.28
128.91
195.31
111.33
115.23
101.56
214.84
167.97
119.14
103.52
128.91
218.75
115.23
171.88
230.47
214.84
205.08
208.98
214.84
115.23
193.36
97.656
109.38
216.8
171.88
123.05
208.98
123.05
144.53
207.03
197.27
117.19
193.36
210.94
119.14
212.89
179.69
177.73
117.19
119.14
214.84
177.73
171.88
193.36
187.5
115.23
117.19
203.12
115.23
123.05
228.52
117.19
224.61
191.41
187.5
117.19
117.19
160.16
171.88
160.16
169.92
115.23
166.02
113.28
103.52
115.23
195.31
216.8
113.28
222.66
121.09
164.06
207.03
167.97
117.19
199.22
121.09
113.28
164.06
115.23
218.75
197.27
226.56
199.22
205.08
193.36
175.78
162.11
113.28
125
119.14
140.62
82.031
183.59
207.03
125
185.55
203.12
111.33
216.8
218.75
220.7
212.89
218.75
107.42
173.83
208.98
216.8
105.47
121.09
169.92
208.98
212.89
109.38
193.36
175.78
195.31
212.89
191.41
177.73
222.66
210.94
214.84
349.61
164.06
119.14
210.94
166.02
212.89
125
109.38
68.359
117.19
240.23
201.17
214.84
125
119.14
121.09
181.64
181.64
166.02
207.03
115.23
13.672
195.31
126.95
117.19
173.83
179.69
119.14
205.08
171.88
220.7
214.84
101.56
107.42
107.42
175.78
189.45
125
175.78
171.88
144.53
203.12
117.19
115.23
111.33
169.92
109.38
107.42
214.84
199.22
214.84
107.42
195.31
175.78
179.69
15.625
144.53
167.97
117.19
212.89
109.38
142.58
111.33
111.33
109.38
187.5
205.08
205.08
175.78
132.81
113.28
179.69
105.47
179.69
179.69
199.22
195.31
212.89
210.94
166.02
115.23
226.56
125
171.88
121.09
183.59
214.84
119.14
121.09
189.45
119.14
123.05
113.28
105.47
187.5
91.797
177.73
117.19
189.45
105.47
123.05
197.27
222.66
150.39
117.19
201.17
216.8
103.52
167.97
105.47
115.23
171.88
123.05
175.78
207.03
195.31
173.83
144.53
117.19
212.89
283.2
125
212.89
207.03
427.73
255.86
177.73
214.84
111.33
189.45
214.84
103.52
208.98
296.88
220.7
208.98
121.09
115.23
115.23
117.19
220.7
203.12
193.36
210.94
177.73
107.42
166.02
199.22
212.89
226.56
117.19
115.23
115.23
218.75
222.66
224.61
203.12
238.28
119.14
158.2
218.75
214.84
199.22
103.52
203.12
117.19
111.33
216.8
210.94
105.47
220.7
214.84
203.12
105.47
218.75
175.78
103.52
226.56
119.14
115.23
195.31
109.38
212.89
205.08
115.23
167.97
123.05
171.88
